0
246
0
261
0
88
0
0
0
93
0
58
0
209
1
189
1
29
1
250
1
30
1
57
1
196
1
135
1
212
1
75
1
3
1
157
2
165
2
15
2
136
2
41
2
99
2
76
2
248
2
187
2
31
2
66
2
29
2
9
3
151
3
19
3
259
3
50
3
9
3
267
3
61
3
207
3
130
3
290
3
282
3
243
4
228
4
18
4
206
4
37
4
61
4
152
4
40
4
171
4
9
4
91
4
53
4
152
5
211
5
24
5
197
5
268
5
24
5
242
5
286
5
107
5
60
5
270
6
65
6
153
6
221
6
282
6
294
6
290
6
113
6
286
6
273
6
29
6
231
6
175
6
9
7
65
7
185
7
99
7
146
7
240
8
192
8
22
8
228
8
133
8
109
8
276
8
194
8
75
8
232
8
221
8
70
8
151
8
152
9
150
9
76
9
155
9
178
9
19
